10 0.726993 -1.511881 268.315142055 -29.0901187376
10 0.726215 -1.636182 268.437347525 -29.1537921037
1 0.726257 -1.644184 268.445273183 -29.1578079634
1 0.725951 -1.769333 268.568751511 -29.2213845536
4 0.750056 -1.777323 268.590601269 -29.2046321648
4 0.749710 -1.902468 268.714198105 -29.2681090627
7 0.800641 -1.910023 268.751094456 -29.2279616445
7 0.800274 -2.035159 268.87479575 -29.2913075715
7 0.675175 -2.034467 268.801901112 -29.3989785816
8 0.648930 -2.034573 268.786839002 -29.4216894354
8 0.523838 -2.033900 268.713791983 -29.5293220122
9 0.515930 -2.033839 268.709150921 -29.5361157898
9 0.391347 -2.034041 268.63711312 -29.6437136529
9 0.391733 -1.908965 268.513183363 -29.5801881388
6 0.340317 -1.900573 268.474963023 -29.620272093
6 0.340671 -1.775493 268.351139605 -29.5566247923
3 0.316571 -1.767517 268.329195673 -29.573345056
3 0.317396 -1.643287 268.206636929 -29.5095902636
12 0.317354 -1.635289 268.198696327 -29.5055637336
12 0.317651 -1.510184 268.075128562 -29.4416984195
15 0.341666 -1.502155 268.081219674 -29.416946809
15 0.342423 -1.377898 267.958940378 -29.3530086844
18 0.393254 -1.369397 267.980260636 -29.3049558071
18 0.393978 -1.245122 267.858143423 -29.2409426804
18 0.519029 -1.245667 267.931754746 -29.133701418
17 0.526936 -1.245721 267.936423473 -29.1269292479
17 0.651505 -1.245416 268.008760652 -29.0196301357
16 0.678240 -1.246150 268.025053361 -28.9970041892
16 0.802816 -1.245867 268.097240448 -28.8896665432
16 0.802596 -1.371063 268.220276933 -28.9535147659
13 0.751263 -1.378681 268.197971162 -29.0015858053
13 0.751011 -1.503859 268.321168243 -29.0653582907
10 0.726993 -1.511881 268.315142055 -29.0901187376