0.025031111 25.0267
0.035031111 26.2961
0.045031111 27.3952
0.055031111 28.3788
0.065031111 29.2772
0.075031111 30.1095
0.085031111 30.8887
0.095031111 31.6238
0.105031111 32.3216
0.115031111 32.9874
0.125031111 33.6253
0.135031111 34.2386
0.145031111 34.8298
0.155031111 35.4014
0.165031111 35.9551
0.175031111 36.4926
0.185031111 37.0152
0.195031111 37.5241
0.205031111 38.0205
0.215031111 38.505
0.225031111 38.9787
0.235031111 39.4422
0.245031111 39.8961
0.255031111 40.3411
0.265031111 40.7776
0.275031111 41.2061
0.285031111 41.6271
0.295031111 42.041
0.305031111 42.448
0.315031111 42.8487
0.325031111 43.2431
0.335031111 43.6317
0.345031111 44.0147
0.355031111 44.3923
0.365031111 44.7647
0.375031111 45.1323
0.385031111 45.4951
0.395031111 45.8533
0.405031111 46.2072
0.415031111 46.5568
0.425031111 46.9024
0.435031111 47.244
0.445031111 47.5819
0.455031111 47.9161
0.465031111 48.2468
0.475031111 48.574
0.485031111 48.8979
0.495031111 49.2186
0.505031111 49.5361
0.515031111 49.8507
0.525031111 50.1623
0.535031111 50.471
0.545031111 50.7769
0.555031111 51.0802
0.565031111 51.3808
0.575031111 51.6789
0.585031111 51.9744
0.595031111 52.2676
0.605031111 52.5583
0.615031111 52.8468
0.625031111 53.133
0.635031111 53.417
0.645031111 53.6988
0.655031111 53.9786
0.665031111 54.2563
0.675031111 54.532
0.685031111 54.8057
0.695031111 55.0775
0.705031111 55.3475
0.715031111 55.6156
0.725031111 55.8819
0.735031111 56.1464
0.745031111 56.4092
0.755031111 56.6703
0.765031111 56.9298
0.775031111 57.1876
0.785031111 57.4439
0.795031111 57.6986
0.805031111 57.9517
0.815031111 58.2034
0.825031111 58.4535
0.835031111 58.7023
0.845031111 58.9495
0.855031111 59.1954
0.865031111 59.44
0.875031111 59.6831
0.885031111 59.9249
0.895031111 60.1655
0.905031111 60.4047
0.915031111 60.6427
0.925031111 60.8794
0.935031111 61.115
0.945031111 61.3493
0.955031111 61.5824
0.965031111 61.8144
0.975031111 62.0452
0.985031111 62.2749
0.995031111 62.5035
1.005031111 62.7309
1.105031111 64.9489
1.205031111 67.0751
1.305031111 69.1751
1.405031111 71.2751
1.505031111 73.3751
1.605031111 75.4751
1.705031111 77.5751
1.805031111 79.6751
1.905031111 81.7751
2.005031111 83.8751
2.105031111 85.9751
2.205031111 88.0751
2.305031111 90.1751
2.405031111 92.2751
2.505031111 94.3751
2.605031111 96.4751
2.705031111 98.5751
2.805031111 100.675
2.905031111 102.775
3.005031111 104.875
3.105031111 106.975
3.205031111 109.075
3.305031111 111.175
3.405031111 113.275
3.505031111 115.375
3.605031111 117.475
3.705031111 119.575
3.805031111 121.675
3.905031111 123.775
4.005031111 125.875
4.105031111 127.975
4.205031111 130.075
4.305031111 132.175
4.405031111 134.275
4.505031111 136.375
4.605031111 138.475
4.705031111 140.575
4.805031111 142.675
4.905031111 144.775
5.005031111 146.875
5.105031111 148.975
5.205031111 151.075
5.305031111 153.175
5.405031111 155.275
5.505031111 157.375
5.605031111 159.475
5.705031111 161.575
5.805031111 163.675
5.905031111 165.775
6.005031111 167.875
6.105031111 169.975
6.205031111 172.075
6.305031111 174.175
6.405031111 176.275
6.505031111 178.375
6.605031111 180.475
6.705031111 182.575
6.805031111 184.675
6.905031111 186.775
7.005031111 188.875
7.105031111 190.975
7.205031111 193.075
7.305031111 195.175
7.405031111 197.275
7.505031111 199.375
7.605031111 201.475
7.705031111 203.575
7.805031111 205.675
7.905031111 207.775
8.005031111 209.875
8.105031111 211.975
8.205031111 214.075
8.305031111 216.175
8.405031111 218.275
8.505031111 220.375
8.605031111 222.475
8.705031111 224.575
8.805031111 226.675
8.905031111 228.775
9.005031111 230.875
9.105031111 232.975
9.205031111 235.075
9.305031111 237.175
9.405031111 239.275